1ded7f363697be66c2eaa09afd5039c0
4c034c1d715c9f0ba406c66220ec8ba4
31e5ea11be7fee00d3a57abd172b7303
5bd52f6b7127b264291200ef454862e4
c85d0fefbec09bb11bfe28124dc94f37
810a5433f2ae664220e052723678dc3e
a5a7f25b666196df68b09f9104a992d7
dc28e2b606b53ff491cfa1bc4250f30f
acfdb06d2362d07bedde3053a7d7160b
a332116d81f8ba6a514aaec8b8fb61a6
42197
42198
42199
42200
42201
42202
42203
42204
42205
42206
42207
42208
42209
42210
42211
42212
42213
42214
42215
42216
42217
42218
42219
42220
42221
42222
42223
42224
42225
42226
42227
42228
42229
42230
42231
42232
42233
42234
42235
42236
42237
42238
42239
42240
42241
42242
42243
42244
42245
42246
42247
42248
42249
42250
42251
42252
42253
42254
42255
42256
42257
42258
42259
42260
42261
42262
42263
42264
42265
42266
42267
42268
42269
42270
42271
42272
42274
42275
42276
42277
42279
42280
42281
42282
42283
42284
42285
42286
42287
42288
42289
42291
42292
42293
42295
42297
42298
42299
42300
42301
42302
42304
42305
42306
42307
42308
42309
42310
42311
42312
42313
42314
42315
42316
42317
42318
42319
42321
42322
42323
42325
42326
42327
42328
42329
42330
42331
42333
42334
42335
42336
42337
42338
42339
42340
42342
42343
42344
42345
42346
42347
42351
42352
42353
42354
42355
42356
42357
42358
42359
42360
42361
42362
42363
42364
42365
42366
42367
42368
42370
42371
42372
42373
42374
42375
42376
42377
42378
42379
42380
42381
42382
42383
42384
42385
42386
42387
42388
42389
42390
42391
42392
42393
42394
42395
42396
42397
42399
42400
42401
42402
42403
42404
42405
42406
42407
42408
42409
42410
42411
42412
42413
42414
42415
42417
42418
42419
42420
42421
42422
42423
42424
42425
42426
42427
42428
42429
42430
42431
42432
42433
42434
42435
42436
42439
42441
42443
42444
42445
42446
42447
42448
42449
42450
42451
42452
42453
42454
42455
42456
42457
42458
42459
42461
42462
42463
42465
42466
42467
42469
42470
42472
42473
42474
42475
42477
42478
42479
42480
42481
42482
42485
42486
42487
42488
42489
42490
42491
42492
42493
42494
42495
42496
42497
42498
42501
42502
42504
42507
42508
42509
42510
42511
42512
42513
42514
42515
42516
42518
42519
42520
42521
42522
42523
42524
42525
42526
42527
42528
42529
42530
42531
42532
42533
42534
42535
42536
42537
42538
42540
42541
42544
42545
42546
42547
42548
42549
42550
42551
42552
42553
42554
42555
42558
42559
42562
42563
42564
42565
42566
42567
42571
42572
42573
42574
42577
42579
42580
42581
42582
42583
42584
42585
42587
42588
42589
42590
42591
42593
42594
42595
42596
42597
42598
42599
42600
42601
42602
42603
42604
42605
42606
42607
42608
42609
42610
42611
42612
42613
42614
42615
42616
42617
42618
42620
42621
42622
42624
42625
42626
42628
42629
42630
42631
42632
42633
42634
42635
42636
42637
42638
42640
42641
42643
42644
42645
42646
42647
42648
42649
42650
42651
42652
42654
42655
42656
42657
42658
42659
42660
42661
42662
42663
42664
42665
42666
42667
42668
42669
42670
42671
42672
42673
42674
42675
42676
42677
42678
42679
42680
42681
42682
42683
42684
42685
42686
42687
42688
42689
42690
42691
42692
42693
42694
42695
42696
42697
42699
42700
42701
42702
42705
42706
42707
42708
42709
42710
42711
42712
42713
42714
42715
42716
42718
42720
42721
42722
42723
42724
42725
42727
42728
42730
42731
42732
42733
42735
42737
42738
42739
42740
42741
42742
42743
42745
42746
42748
42749
42751
42752
42753
42754
42755
42756
42757
42758
42759
42760
42761
42762
42763
42764
42766
42767
42768
42769
42771
42772
42773
42774
42777
42778
42779
42780
42781
42782
42783
42785
42786
42787
42788
42789
42790
42791
42793
42794
42796
42797
42799
42800
42801
42803
42804
42805
42808
42809
42810
42811
42813
42814
42815
42816
42817
42818
42819
42820
42822
42823
42824
42825
42827
42828
42829
42830
42832
42833
42834
42876
42891
42892
42893
42894
42895
42896
42897
42898
42899
42900
42901
42902
42903
42904
42905
42906
42907
42908
42909
42910
42911
42913
42914
42915
42916
42917
42918
42919
42920
42921
42922
42923
42924
42925
42926
42927
42929
42930
42931
42932
42933
42934
42937
42938
42939
42940
42941
42942
42943
42944
42945
42946
42947
42948
42950
42951
42953
42954
42955
42956
42958
42959
42960
42961
42962
42963
42964
42965
42966
42967
42968
42969
42970
42971
42972
42973
42974
42975
42976
42978
42981
42983
42985
42988
42989
42990
42992
42996
42997
42998
42999
43000
43001
43002
43003
43004
43005
43006
43007
43008
43010
43011
43013
43015
43016
43017
43018
43020
43021
43023
43024
43025
43027
43028
43029
43031
43032
43033
43036
43037
43038
43039
43040
43041
43042
43043
43044
43046
43047
43049
43053
43054
43055
43056
43057
43058
43060
43061
43062
43063
43064
43066
43067
43068
43069
43071
43072
43073
43075
43077
43078
43079
43080
43081
43082
43083
43084
43085
43086
43087
